image_width: 1280
image_height: 720
camera_name: narrow_stereo
camera_matrix:
  rows: 3
  cols: 3
  data: [ 1202.47059,     0.     ,   614.13558,
             0.     ,  1127.3399 ,   301.61541,
             0.     ,     0.     ,     1.     ]
camera_model: plumb_bob
distortion_coefficients:
  rows: 1
  cols: 5
  data: [-0.623583, 0.379249, 0.099417, 0.035089, 0.000000]
rectification_matrix:
  rows: 3
  cols: 3
  data: [ 1.,  0.,  0.,
          0.,  1.,  0.,
          0.,  0.,  1.]
projection_matrix:
  rows: 3
  cols: 4
  data: [ 1009.34912,     0.     ,   677.1249 ,     0.     ,
             0.     ,  1069.14038,   336.83338,     0.     ,
             0.     ,     0.     ,     1.     ,     0.     ]
