image_width: 1280
image_height: 720
camera_name: head_camera
camera_matrix:
  rows: 3
  cols: 3
  data: [ 683.2147588850544,    0.     ,  587.1951313442507,
            0.     ,  686.3281354093342,  363.1920469203007,
            0.     ,    0.     ,    1.     ]
camera_model: plumb_bob
distortion_coefficients:
  rows: 1
  cols: 5
  data: [-0.3719612260255902, 0.1078502751001092, 0.001199942109351525, 0.00474971933698206, 0]
rectification_matrix:
  rows: 3
  cols: 3
  data: [ 1.,  0.,  0.,
          0.,  1.,  0.,
          0.,  0.,  1.]
projection_matrix:
  rows: 3
  cols: 4
  data: [ 482.5885620117188,    0.      , 606.6676549023832,    0.     ,
            0.     ,   604.0098266601562, 365.3425765016436,    0.     ,
            0.     ,    0.      ,    1.     ,    0.     ]
