image_width: 640
image_height: 480
camera_name: narrow_stereo
camera_matrix:
  rows: 3
  cols: 3
  data: [ 443.84389,    0.     ,  300.09341,
            0.     ,  448.89312,  259.5822 ,
            0.     ,    0.     ,    1.     ]
camera_model: plumb_bob
distortion_coefficients:
  rows: 1
  cols: 5
  data: [-0.364865, 0.111417, -0.003288, 0.001529, 0.000000]
rectification_matrix:
  rows: 3
  cols: 3
  data: [ 1.,  0.,  0.,
          0.,  1.,  0.,
          0.,  0.,  1.]
projection_matrix:
  rows: 3
  cols: 4
  data: [ 339.26248,    0.     ,  290.83801,    0.     ,
            0.     ,  394.3075 ,  263.45594,    0.     ,
            0.     ,    0.     ,    1.     ,    0.     ]
